Timestamp    Duration   Core   Origin Tensor               Size      
======================================================================
0            3180543    3      3      Tensor(0, 0, W)      1572864   
0            3180543    3      3      Tensor(0, 0, I)      262144    
3180543      542719     4      51     Tensor(0, 0, O)      786432    
3723262      10241      0      60     Tensor(9, 0, O)      1048576   
3723262      10241      0      0      Tensor(10, 0, W)     8         
3733503      533504     1      51     Tensor(0, 0, O)      786432    
3733503      533504     1      14     Tensor(10, 0, O)     1048576   
4267007      1083391    2      19     Tensor(11, 0, O)     262144    
4267007      1083391    2      2      Tensor(14, 0, W)     524288    
5350398      8652799    0      34     Tensor(14, 0, O)     262144    
5350398      8652799    0      0      Tensor(15, 0, W)     4194304   
14003197     8652799    1      14     Tensor(15, 0, O)     2097152   
14003197     8652799    1      1      Tensor(16, 0, W)     4194304   
