Timestamp    Duration   Core   Origin Tensor               Size      
======================================================================
7804         5192       0      56     Tensor(0, 47, O)     4096      
7804         5192       0      41     Tensor(0, 48, O)     4096      
7804         5192       0      48     Tensor(0, 49, O)     4096      
7804         5192       0      44     Tensor(1, 0, W)      4608      
7804         5192       2      56     Tensor(0, 50, O)     4096      
7804         5192       2      29     Tensor(0, 51, O)     4096      
7804         5192       2      9      Tensor(0, 52, O)     4096      
7804         5192       2      44     Tensor(1, 0, W)      4608      
7804         5192       3      29     Tensor(0, 51, O)     4096      
7804         5192       3      9      Tensor(0, 52, O)     4096      
7804         5192       3      57     Tensor(0, 53, O)     4096      
7804         5192       3      44     Tensor(1, 0, W)      4608      
7804         5192       6      41     Tensor(0, 41, O)     4096      
7804         5192       6      29     Tensor(0, 42, O)     4096      
7804         5192       6      48     Tensor(0, 43, O)     4096      
7804         5192       6      44     Tensor(1, 0, W)      4608      
7804         5192       12     46     Tensor(0, 37, O)     4096      
7804         5192       12     39     Tensor(0, 38, O)     4096      
7804         5192       12     40     Tensor(0, 39, O)     4096      
7804         5192       12     44     Tensor(1, 0, W)      4608      
7804         5192       13     47     Tensor(0, 11, O)     4096      
7804         5192       13     61     Tensor(0, 12, O)     4096      
7804         5192       13     20     Tensor(0, 13, O)     4096      
7804         5192       13     44     Tensor(1, 0, W)      4608      
7804         5192       14     20     Tensor(0, 13, O)     4096      
7804         5192       14     49     Tensor(0, 14, O)     4096      
7804         5192       14     62     Tensor(0, 15, O)     4096      
7804         5192       14     44     Tensor(1, 0, W)      4608      
7804         5192       15     40     Tensor(0, 39, O)     4096      
7804         5192       15     36     Tensor(0, 40, O)     4096      
7804         5192       15     41     Tensor(0, 41, O)     4096      
7804         5192       15     44     Tensor(1, 0, W)      4608      
7804         5192       16     39     Tensor(0, 38, O)     4096      
7804         5192       16     40     Tensor(0, 39, O)     4096      
7804         5192       16     36     Tensor(0, 40, O)     4096      
7804         5192       16     44     Tensor(1, 0, W)      4608      
7804         5192       17     9      Tensor(0, 52, O)     4096      
7804         5192       17     57     Tensor(0, 53, O)     4096      
7804         5192       17     6      Tensor(0, 54, O)     4096      
7804         5192       17     44     Tensor(1, 0, W)      4608      
7804         5192       18     49     Tensor(0, 14, O)     4096      
7804         5192       18     62     Tensor(0, 15, O)     4096      
7804         5192       18     33     Tensor(0, 16, O)     4096      
7804         5192       18     44     Tensor(1, 0, W)      4608      
7804         5192       20     36     Tensor(0, 40, O)     4096      
7804         5192       20     41     Tensor(0, 41, O)     4096      
7804         5192       20     29     Tensor(0, 42, O)     4096      
7804         5192       20     44     Tensor(1, 0, W)      4608      
7804         5192       21     56     Tensor(0, 6, O)      4096      
7804         5192       21     34     Tensor(0, 7, O)      4096      
7804         5192       21     46     Tensor(0, 8, O)      4096      
7804         5192       21     44     Tensor(1, 0, W)      4608      
7804         5192       22     22     Tensor(0, 23, O)     4096      
7804         5192       22     43     Tensor(0, 24, O)     4096      
7804         5192       22     13     Tensor(0, 25, O)     4096      
7804         5192       22     44     Tensor(1, 0, W)      4608      
7804         5192       23     62     Tensor(0, 15, O)     4096      
7804         5192       23     33     Tensor(0, 16, O)     4096      
7804         5192       23     18     Tensor(0, 17, O)     4096      
7804         5192       23     44     Tensor(1, 0, W)      4608      
7804         5192       27     20     Tensor(0, 32, O)     4096      
7804         5192       27     30     Tensor(0, 33, O)     4096      
7804         5192       27     45     Tensor(0, 34, O)     4096      
7804         5192       27     44     Tensor(1, 0, W)      4608      
7804         5192       28     10     Tensor(0, 1, O)      4096      
7804         5192       28     54     Tensor(0, 2, O)      4096      
7804         5192       28     26     Tensor(0, 3, O)      4096      
7804         5192       28     44     Tensor(1, 0, W)      4608      
7804         5192       30     46     Tensor(0, 8, O)      4096      
7804         5192       30     37     Tensor(0, 9, O)      4096      
7804         5192       30     48     Tensor(0, 10, O)     4096      
7804         5192       30     44     Tensor(1, 0, W)      4608      
7804         5192       32     61     Tensor(0, 12, O)     4096      
7804         5192       32     20     Tensor(0, 13, O)     4096      
7804         5192       32     49     Tensor(0, 14, O)     4096      
7804         5192       32     44     Tensor(1, 0, W)      4608      
7804         5192       33     23     Tensor(0, 5, O)      4096      
7804         5192       33     56     Tensor(0, 6, O)      4096      
7804         5192       33     34     Tensor(0, 7, O)      4096      
7804         5192       33     44     Tensor(1, 0, W)      4608      
7804         5192       34     7      Tensor(0, 44, O)     4096      
7804         5192       34     27     Tensor(0, 45, O)     4096      
7804         5192       34     54     Tensor(0, 46, O)     4096      
7804         5192       34     44     Tensor(1, 0, W)      4608      
7804         5192       35     34     Tensor(0, 7, O)      4096      
7804         5192       35     46     Tensor(0, 8, O)      4096      
7804         5192       35     37     Tensor(0, 9, O)      4096      
7804         5192       35     44     Tensor(1, 0, W)      4608      
7804         5192       42     29     Tensor(0, 42, O)     4096      
7804         5192       42     48     Tensor(0, 43, O)     4096      
7804         5192       42     7      Tensor(0, 44, O)     4096      
7804         5192       42     44     Tensor(1, 0, W)      4608      
7804         5192       43     35     Tensor(0, 28, O)     4096      
7804         5192       43     23     Tensor(0, 29, O)     4096      
7804         5192       43     41     Tensor(0, 30, O)     4096      
7804         5192       43     44     Tensor(1, 0, W)      4608      
7804         5192       44     27     Tensor(0, 45, O)     4096      
7804         5192       44     54     Tensor(0, 46, O)     4096      
7804         5192       44     56     Tensor(0, 47, O)     4096      
7804         5192       44     44     Tensor(1, 0, W)      4608      
7804         5192       46     30     Tensor(0, 33, O)     4096      
7804         5192       46     45     Tensor(0, 34, O)     4096      
7804         5192       46     40     Tensor(0, 35, O)     4096      
7804         5192       46     44     Tensor(1, 0, W)      4608      
7804         5192       49     54     Tensor(0, 2, O)      4096      
7804         5192       49     26     Tensor(0, 3, O)      4096      
7804         5192       49     55     Tensor(0, 4, O)      4096      
7804         5192       49     44     Tensor(1, 0, W)      4608      
7804         5192       50     5      Tensor(0, 0, O)      4096      
7804         5192       50     10     Tensor(0, 1, O)      4096      
7804         5192       50     44     Tensor(1, 0, W)      4608      
7804         5192       51     54     Tensor(0, 46, O)     4096      
7804         5192       51     56     Tensor(0, 47, O)     4096      
7804         5192       51     41     Tensor(0, 48, O)     4096      
7804         5192       51     44     Tensor(1, 0, W)      4608      
7804         5192       53     28     Tensor(0, 27, O)     4096      
7804         5192       53     35     Tensor(0, 28, O)     4096      
7804         5192       53     23     Tensor(0, 29, O)     4096      
7804         5192       53     44     Tensor(1, 0, W)      4608      
7804         5192       54     13     Tensor(0, 25, O)     4096      
7804         5192       54     48     Tensor(0, 26, O)     4096      
7804         5192       54     28     Tensor(0, 27, O)     4096      
7804         5192       54     44     Tensor(1, 0, W)      4608      
7804         5192       55     5      Tensor(0, 0, O)      4096      
7804         5192       55     10     Tensor(0, 1, O)      4096      
7804         5192       55     54     Tensor(0, 2, O)      4096      
7804         5192       55     44     Tensor(1, 0, W)      4608      
7804         5192       56     42     Tensor(0, 21, O)     4096      
7804         5192       56     16     Tensor(0, 22, O)     4096      
7804         5192       56     22     Tensor(0, 23, O)     4096      
7804         5192       56     44     Tensor(1, 0, W)      4608      
7804         5192       57     43     Tensor(0, 24, O)     4096      
7804         5192       57     13     Tensor(0, 25, O)     4096      
7804         5192       57     48     Tensor(0, 26, O)     4096      
7804         5192       57     44     Tensor(1, 0, W)      4608      
7804         5192       58     33     Tensor(0, 16, O)     4096      
7804         5192       58     18     Tensor(0, 17, O)     4096      
7804         5192       58     19     Tensor(0, 18, O)     4096      
7804         5192       58     44     Tensor(1, 0, W)      4608      
7804         5192       59     48     Tensor(0, 10, O)     4096      
7804         5192       59     47     Tensor(0, 11, O)     4096      
7804         5192       59     61     Tensor(0, 12, O)     4096      
7804         5192       59     44     Tensor(1, 0, W)      4608      
12996        5192       3      6      Tensor(0, 54, O)     4096      
12996        5192       3      40     Tensor(0, 55, O)     4096      
12996        5192       3      44     Tensor(1, 0, W)      4608      
12996        5192       14     18     Tensor(0, 17, O)     4096      
12996        5192       14     19     Tensor(0, 18, O)     4096      
12996        5192       14     33     Tensor(0, 19, O)     4096      
12996        5192       14     44     Tensor(1, 0, W)      4608      
12996        5192       16     41     Tensor(0, 48, O)     4096      
12996        5192       16     48     Tensor(0, 49, O)     4096      
12996        5192       16     56     Tensor(0, 50, O)     4096      
12996        5192       16     44     Tensor(1, 0, W)      4608      
12996        5192       18     57     Tensor(0, 53, O)     4096      
12996        5192       18     6      Tensor(0, 54, O)     4096      
12996        5192       18     40     Tensor(0, 55, O)     4096      
12996        5192       18     44     Tensor(1, 0, W)      4608      
12996        5192       20     48     Tensor(0, 43, O)     4096      
12996        5192       20     7      Tensor(0, 44, O)     4096      
12996        5192       20     27     Tensor(0, 45, O)     4096      
12996        5192       20     44     Tensor(1, 0, W)      4608      
12996        5192       22     41     Tensor(0, 30, O)     4096      
12996        5192       22     38     Tensor(0, 31, O)     4096      
12996        5192       22     20     Tensor(0, 32, O)     4096      
12996        5192       22     44     Tensor(1, 0, W)      4608      
12996        5192       23     33     Tensor(0, 19, O)     4096      
12996        5192       23     1      Tensor(0, 20, O)     4096      
12996        5192       23     42     Tensor(0, 21, O)     4096      
12996        5192       23     44     Tensor(1, 0, W)      4608      
12996        5192       28     26     Tensor(0, 3, O)      4096      
12996        5192       28     55     Tensor(0, 4, O)      4096      
12996        5192       28     23     Tensor(0, 5, O)      4096      
12996        5192       28     44     Tensor(1, 0, W)      4608      
12996        5192       30     16     Tensor(0, 22, O)     4096      
12996        5192       30     22     Tensor(0, 23, O)     4096      
12996        5192       30     43     Tensor(0, 24, O)     4096      
12996        5192       30     44     Tensor(1, 0, W)      4608      
12996        5192       33     48     Tensor(0, 26, O)     4096      
12996        5192       33     28     Tensor(0, 27, O)     4096      
12996        5192       33     35     Tensor(0, 28, O)     4096      
12996        5192       33     44     Tensor(1, 0, W)      4608      
12996        5192       35     19     Tensor(0, 18, O)     4096      
12996        5192       35     33     Tensor(0, 19, O)     4096      
12996        5192       35     1      Tensor(0, 20, O)     4096      
12996        5192       35     44     Tensor(1, 0, W)      4608      
12996        5192       54     45     Tensor(0, 34, O)     4096      
12996        5192       54     40     Tensor(0, 35, O)     4096      
12996        5192       54     56     Tensor(0, 36, O)     4096      
12996        5192       54     44     Tensor(1, 0, W)      4608      
12996        5192       55     55     Tensor(0, 4, O)      4096      
12996        5192       55     23     Tensor(0, 5, O)      4096      
12996        5192       55     56     Tensor(0, 6, O)      4096      
12996        5192       55     44     Tensor(1, 0, W)      4608      
18188        5192       14     1      Tensor(0, 20, O)     4096      
18188        5192       14     42     Tensor(0, 21, O)     4096      
18188        5192       14     16     Tensor(0, 22, O)     4096      
18188        5192       14     44     Tensor(1, 0, W)      4608      
18188        5192       23     23     Tensor(0, 29, O)     4096      
18188        5192       23     41     Tensor(0, 30, O)     4096      
18188        5192       23     38     Tensor(0, 31, O)     4096      
18188        5192       23     44     Tensor(1, 0, W)      4608      
18188        5192       28     38     Tensor(0, 31, O)     4096      
18188        5192       28     20     Tensor(0, 32, O)     4096      
18188        5192       28     30     Tensor(0, 33, O)     4096      
18188        5192       28     44     Tensor(1, 0, W)      4608      
18188        5192       30     48     Tensor(0, 49, O)     4096      
18188        5192       30     56     Tensor(0, 50, O)     4096      
18188        5192       30     29     Tensor(0, 51, O)     4096      
18188        5192       30     44     Tensor(1, 0, W)      4608      
18188        5192       35     40     Tensor(0, 35, O)     4096      
18188        5192       35     56     Tensor(0, 36, O)     4096      
18188        5192       35     46     Tensor(0, 37, O)     4096      
18188        5192       35     44     Tensor(1, 0, W)      4608      
18188        5192       55     37     Tensor(0, 9, O)      4096      
18188        5192       55     48     Tensor(0, 10, O)     4096      
18188        5192       55     47     Tensor(0, 11, O)     4096      
18188        5192       55     44     Tensor(1, 0, W)      4608      
23380        5192       55     56     Tensor(0, 36, O)     4096      
23380        5192       55     46     Tensor(0, 37, O)     4096      
23380        5192       55     39     Tensor(0, 38, O)     4096      
23380        5192       55     44     Tensor(1, 0, W)      4608      
28572        5192       1      23     Tensor(1, 24, O)     4096      
28572        5192       1      60     Tensor(1, 25, O)     4096      
28572        5192       1      56     Tensor(1, 26, O)     4096      
28572        5192       1      42     Tensor(2, 0, W)      4608      
28572        5192       2      52     Tensor(1, 0, O)      4096      
28572        5192       2      57     Tensor(1, 1, O)      4096      
28572        5192       2      42     Tensor(2, 0, W)      4608      
28572        5192       3      31     Tensor(1, 50, O)     4096      
28572        5192       3      2      Tensor(1, 51, O)     4096      
28572        5192       3      3      Tensor(1, 52, O)     4096      
28572        5192       3      42     Tensor(2, 0, W)      4608      
28572        5192       4      56     Tensor(1, 26, O)     4096      
28572        5192       4      34     Tensor(1, 27, O)     4096      
28572        5192       4      55     Tensor(1, 28, O)     4096      
28572        5192       4      42     Tensor(2, 0, W)      4608      
28572        5192       5      55     Tensor(1, 28, O)     4096      
28572        5192       5      45     Tensor(1, 29, O)     4096      
28572        5192       5      24     Tensor(1, 30, O)     4096      
28572        5192       5      42     Tensor(2, 0, W)      4608      
28572        5192       7      24     Tensor(1, 30, O)     4096      
28572        5192       7      23     Tensor(1, 31, O)     4096      
28572        5192       7      29     Tensor(1, 32, O)     4096      
28572        5192       7      42     Tensor(2, 0, W)      4608      
28572        5192       9      14     Tensor(1, 18, O)     4096      
28572        5192       9      36     Tensor(1, 19, O)     4096      
28572        5192       9      24     Tensor(1, 20, O)     4096      
28572        5192       9      42     Tensor(2, 0, W)      4608      
28572        5192       11     61     Tensor(1, 17, O)     4096      
28572        5192       11     14     Tensor(1, 18, O)     4096      
28572        5192       11     36     Tensor(1, 19, O)     4096      
28572        5192       11     42     Tensor(2, 0, W)      4608      
28572        5192       12     62     Tensor(1, 11, O)     4096      
28572        5192       12     13     Tensor(1, 12, O)     4096      
28572        5192       12     33     Tensor(1, 13, O)     4096      
28572        5192       12     42     Tensor(2, 0, W)      4608      
28572        5192       14     29     Tensor(1, 2, O)      4096      
28572        5192       14     51     Tensor(1, 3, O)      4096      
28572        5192       14     29     Tensor(1, 4, O)      4096      
28572        5192       14     42     Tensor(2, 0, W)      4608      
28572        5192       15     36     Tensor(1, 8, O)      4096      
28572        5192       15     31     Tensor(1, 9, O)      4096      
28572        5192       15     57     Tensor(1, 10, O)     4096      
28572        5192       15     42     Tensor(2, 0, W)      4608      
28572        5192       17     57     Tensor(1, 37, O)     4096      
28572        5192       17     12     Tensor(1, 38, O)     4096      
28572        5192       17     16     Tensor(1, 39, O)     4096      
28572        5192       17     42     Tensor(2, 0, W)      4608      
28572        5192       19     57     Tensor(1, 1, O)      4096      
28572        5192       19     29     Tensor(1, 2, O)      4096      
28572        5192       19     51     Tensor(1, 3, O)      4096      
28572        5192       19     42     Tensor(2, 0, W)      4608      
28572        5192       21     18     Tensor(1, 15, O)     4096      
28572        5192       21     24     Tensor(1, 16, O)     4096      
28572        5192       21     61     Tensor(1, 17, O)     4096      
28572        5192       21     42     Tensor(2, 0, W)      4608      
28572        5192       23     36     Tensor(1, 36, O)     4096      
28572        5192       23     57     Tensor(1, 37, O)     4096      
28572        5192       23     12     Tensor(1, 38, O)     4096      
28572        5192       23     42     Tensor(2, 0, W)      4608      
28572        5192       25     13     Tensor(1, 12, O)     4096      
28572        5192       25     33     Tensor(1, 13, O)     4096      
28572        5192       25     14     Tensor(1, 14, O)     4096      
28572        5192       25     42     Tensor(2, 0, W)      4608      
28572        5192       28     12     Tensor(1, 38, O)     4096      
28572        5192       28     16     Tensor(1, 39, O)     4096      
28572        5192       28     15     Tensor(1, 40, O)     4096      
28572        5192       28     42     Tensor(2, 0, W)      4608      
28572        5192       29     14     Tensor(1, 14, O)     4096      
28572        5192       29     18     Tensor(1, 15, O)     4096      
28572        5192       29     24     Tensor(1, 16, O)     4096      
28572        5192       29     42     Tensor(2, 0, W)      4608      
28572        5192       31     45     Tensor(1, 29, O)     4096      
28572        5192       31     24     Tensor(1, 30, O)     4096      
28572        5192       31     23     Tensor(1, 31, O)     4096      
28572        5192       31     42     Tensor(2, 0, W)      4608      
28572        5192       32     29     Tensor(1, 4, O)      4096      
28572        5192       32     57     Tensor(1, 5, O)      4096      
28572        5192       32     34     Tensor(1, 6, O)      4096      
28572        5192       32     42     Tensor(2, 0, W)      4608      
28572        5192       33     35     Tensor(1, 45, O)     4096      
28572        5192       33     46     Tensor(1, 46, O)     4096      
28572        5192       33     53     Tensor(1, 47, O)     4096      
28572        5192       33     42     Tensor(2, 0, W)      4608      
28572        5192       37     57     Tensor(1, 5, O)      4096      
28572        5192       37     34     Tensor(1, 6, O)      4096      
28572        5192       37     22     Tensor(1, 7, O)      4096      
28572        5192       37     42     Tensor(2, 0, W)      4608      
28572        5192       38     18     Tensor(1, 54, O)     4096      
28572        5192       38     3      Tensor(1, 55, O)     4096      
28572        5192       38     42     Tensor(2, 0, W)      4608      
28572        5192       40     52     Tensor(1, 0, O)      4096      
28572        5192       40     57     Tensor(1, 1, O)      4096      
28572        5192       40     29     Tensor(1, 2, O)      4096      
28572        5192       40     42     Tensor(2, 0, W)      4608      
28572        5192       41     58     Tensor(1, 22, O)     4096      
28572        5192       41     31     Tensor(1, 23, O)     4096      
28572        5192       41     23     Tensor(1, 24, O)     4096      
28572        5192       41     42     Tensor(2, 0, W)      4608      
28572        5192       42     24     Tensor(1, 20, O)     4096      
28572        5192       42     14     Tensor(1, 21, O)     4096      
28572        5192       42     58     Tensor(1, 22, O)     4096      
28572        5192       42     42     Tensor(2, 0, W)      4608      
28572        5192       43     46     Tensor(1, 46, O)     4096      
28572        5192       43     53     Tensor(1, 47, O)     4096      
28572        5192       43     0      Tensor(1, 48, O)     4096      
28572        5192       43     42     Tensor(2, 0, W)      4608      
28572        5192       44     6      Tensor(1, 42, O)     4096      
28572        5192       44     43     Tensor(1, 43, O)     4096      
28572        5192       44     20     Tensor(1, 44, O)     4096      
28572        5192       44     42     Tensor(2, 0, W)      4608      
28572        5192       45     20     Tensor(1, 44, O)     4096      
28572        5192       45     35     Tensor(1, 45, O)     4096      
28572        5192       45     46     Tensor(1, 46, O)     4096      
28572        5192       45     42     Tensor(2, 0, W)      4608      
28572        5192       48     34     Tensor(1, 6, O)      4096      
28572        5192       48     22     Tensor(1, 7, O)      4096      
28572        5192       48     36     Tensor(1, 8, O)      4096      
28572        5192       48     42     Tensor(2, 0, W)      4608      
28572        5192       49     51     Tensor(1, 3, O)      4096      
28572        5192       49     29     Tensor(1, 4, O)      4096      
28572        5192       49     57     Tensor(1, 5, O)      4096      
28572        5192       49     42     Tensor(2, 0, W)      4608      
28572        5192       51     48     Tensor(1, 34, O)     4096      
28572        5192       51     56     Tensor(1, 35, O)     4096      
28572        5192       51     36     Tensor(1, 36, O)     4096      
28572        5192       51     42     Tensor(2, 0, W)      4608      
28572        5192       52     60     Tensor(1, 25, O)     4096      
28572        5192       52     56     Tensor(1, 26, O)     4096      
28572        5192       52     34     Tensor(1, 27, O)     4096      
28572        5192       52     42     Tensor(2, 0, W)      4608      
28572        5192       53     57     Tensor(1, 10, O)     4096      
28572        5192       53     62     Tensor(1, 11, O)     4096      
28572        5192       53     13     Tensor(1, 12, O)     4096      
28572        5192       53     42     Tensor(2, 0, W)      4608      
28572        5192       54     33     Tensor(1, 13, O)     4096      
28572        5192       54     14     Tensor(1, 14, O)     4096      
28572        5192       54     18     Tensor(1, 15, O)     4096      
28572        5192       54     42     Tensor(2, 0, W)      4608      
28572        5192       55     36     Tensor(1, 19, O)     4096      
28572        5192       55     24     Tensor(1, 20, O)     4096      
28572        5192       55     14     Tensor(1, 21, O)     4096      
28572        5192       55     42     Tensor(2, 0, W)      4608      
28572        5192       56     0      Tensor(1, 48, O)     4096      
28572        5192       56     16     Tensor(1, 49, O)     4096      
28572        5192       56     31     Tensor(1, 50, O)     4096      
28572        5192       56     42     Tensor(2, 0, W)      4608      
28572        5192       57     29     Tensor(1, 32, O)     4096      
28572        5192       57     28     Tensor(1, 33, O)     4096      
28572        5192       57     48     Tensor(1, 34, O)     4096      
28572        5192       57     42     Tensor(2, 0, W)      4608      
33764        5192       2      22     Tensor(1, 7, O)      4096      
33764        5192       2      36     Tensor(1, 8, O)      4096      
33764        5192       2      31     Tensor(1, 9, O)      4096      
33764        5192       2      42     Tensor(2, 0, W)      4608      
33764        5192       4      3      Tensor(1, 52, O)     4096      
33764        5192       4      17     Tensor(1, 53, O)     4096      
33764        5192       4      18     Tensor(1, 54, O)     4096      
33764        5192       4      42     Tensor(2, 0, W)      4608      
33764        5192       12     23     Tensor(1, 31, O)     4096      
33764        5192       12     29     Tensor(1, 32, O)     4096      
33764        5192       12     28     Tensor(1, 33, O)     4096      
33764        5192       12     42     Tensor(2, 0, W)      4608      
33764        5192       14     16     Tensor(1, 39, O)     4096      
33764        5192       14     15     Tensor(1, 40, O)     4096      
33764        5192       14     20     Tensor(1, 41, O)     4096      
33764        5192       14     42     Tensor(2, 0, W)      4608      
33764        5192       23     20     Tensor(1, 41, O)     4096      
33764        5192       23     6      Tensor(1, 42, O)     4096      
33764        5192       23     43     Tensor(1, 43, O)     4096      
33764        5192       23     42     Tensor(2, 0, W)      4608      
33764        5192       32     31     Tensor(1, 9, O)      4096      
33764        5192       32     57     Tensor(1, 10, O)     4096      
33764        5192       32     62     Tensor(1, 11, O)     4096      
33764        5192       32     42     Tensor(2, 0, W)      4608      
33764        5192       37     14     Tensor(1, 21, O)     4096      
33764        5192       37     58     Tensor(1, 22, O)     4096      
33764        5192       37     31     Tensor(1, 23, O)     4096      
33764        5192       37     42     Tensor(2, 0, W)      4608      
33764        5192       40     24     Tensor(1, 16, O)     4096      
33764        5192       40     61     Tensor(1, 17, O)     4096      
33764        5192       40     14     Tensor(1, 18, O)     4096      
33764        5192       40     42     Tensor(2, 0, W)      4608      
33764        5192       42     16     Tensor(1, 49, O)     4096      
33764        5192       42     31     Tensor(1, 50, O)     4096      
33764        5192       42     2      Tensor(1, 51, O)     4096      
33764        5192       42     42     Tensor(2, 0, W)      4608      
33764        5192       48     31     Tensor(1, 23, O)     4096      
33764        5192       48     23     Tensor(1, 24, O)     4096      
33764        5192       48     60     Tensor(1, 25, O)     4096      
33764        5192       48     42     Tensor(2, 0, W)      4608      
33764        5192       49     2      Tensor(1, 51, O)     4096      
33764        5192       49     3      Tensor(1, 52, O)     4096      
33764        5192       49     17     Tensor(1, 53, O)     4096      
33764        5192       49     42     Tensor(2, 0, W)      4608      
33764        5192       51     56     Tensor(1, 35, O)     4096      
33764        5192       51     36     Tensor(1, 36, O)     4096      
33764        5192       51     57     Tensor(1, 37, O)     4096      
33764        5192       51     42     Tensor(2, 0, W)      4608      
33764        5192       55     17     Tensor(1, 53, O)     4096      
33764        5192       55     18     Tensor(1, 54, O)     4096      
33764        5192       55     3      Tensor(1, 55, O)     4096      
33764        5192       55     42     Tensor(2, 0, W)      4608      
33764        5192       57     28     Tensor(1, 33, O)     4096      
33764        5192       57     48     Tensor(1, 34, O)     4096      
33764        5192       57     56     Tensor(1, 35, O)     4096      
33764        5192       57     42     Tensor(2, 0, W)      4608      
38956        5192       2      34     Tensor(1, 27, O)     4096      
38956        5192       2      55     Tensor(1, 28, O)     4096      
38956        5192       2      45     Tensor(1, 29, O)     4096      
38956        5192       2      42     Tensor(2, 0, W)      4608      
38956        5192       23     43     Tensor(1, 43, O)     4096      
38956        5192       23     20     Tensor(1, 44, O)     4096      
38956        5192       23     35     Tensor(1, 45, O)     4096      
38956        5192       23     42     Tensor(2, 0, W)      4608      
38956        5192       37     15     Tensor(1, 40, O)     4096      
38956        5192       37     20     Tensor(1, 41, O)     4096      
38956        5192       37     6      Tensor(1, 42, O)     4096      
38956        5192       37     42     Tensor(2, 0, W)      4608      
44148        5192       2      53     Tensor(1, 47, O)     4096      
44148        5192       2      0      Tensor(1, 48, O)     4096      
44148        5192       2      16     Tensor(1, 49, O)     4096      
44148        5192       2      42     Tensor(2, 0, W)      4608      
49340        5192       4      9      Tensor(2, 19, O)     4096      
49340        5192       4      57     Tensor(2, 20, O)     4096      
49340        5192       4      43     Tensor(2, 21, O)     4096      
49340        5192       4      48     Tensor(3, 0, W)      4608      
49340        5192       6      41     Tensor(2, 1, O)      4096      
49340        5192       6      19     Tensor(2, 2, O)      4096      
49340        5192       6      14     Tensor(2, 3, O)      4096      
49340        5192       6      48     Tensor(3, 0, W)      4608      
49340        5192       8      33     Tensor(2, 10, O)     4096      
49340        5192       8      55     Tensor(2, 11, O)     4096      
49340        5192       8      12     Tensor(2, 12, O)     4096      
49340        5192       8      48     Tensor(3, 0, W)      4608      
49340        5192       11     38     Tensor(2, 6, O)      4096      
49340        5192       11     50     Tensor(2, 7, O)      4096      
49340        5192       11     2      Tensor(2, 8, O)      4096      
49340        5192       11     48     Tensor(3, 0, W)      4608      
49340        5192       14     22     Tensor(2, 16, O)     4096      
49340        5192       14     41     Tensor(2, 17, O)     4096      
49340        5192       14     11     Tensor(2, 18, O)     4096      
49340        5192       14     48     Tensor(3, 0, W)      4608      
49340        5192       17     57     Tensor(2, 20, O)     4096      
49340        5192       17     43     Tensor(2, 21, O)     4096      
49340        5192       17     38     Tensor(2, 22, O)     4096      
49340        5192       17     48     Tensor(3, 0, W)      4608      
49340        5192       18     14     Tensor(2, 3, O)      4096      
49340        5192       18     51     Tensor(2, 4, O)      4096      
49340        5192       18     33     Tensor(2, 5, O)      4096      
49340        5192       18     48     Tensor(3, 0, W)      4608      
49340        5192       19     38     Tensor(2, 41, O)     4096      
49340        5192       19     24     Tensor(2, 42, O)     4096      
49340        5192       19     46     Tensor(2, 43, O)     4096      
49340        5192       19     48     Tensor(3, 0, W)      4608      
49340        5192       21     57     Tensor(2, 54, O)     4096      
49340        5192       21     39     Tensor(2, 55, O)     4096      
49340        5192       21     48     Tensor(3, 0, W)      4608      
49340        5192       22     56     Tensor(2, 14, O)     4096      
49340        5192       22     30     Tensor(2, 15, O)     4096      
49340        5192       22     22     Tensor(2, 16, O)     4096      
49340        5192       22     48     Tensor(3, 0, W)      4608      
49340        5192       24     60     Tensor(2, 33, O)     4096      
49340        5192       24     60     Tensor(2, 34, O)     4096      
49340        5192       24     53     Tensor(2, 35, O)     4096      
49340        5192       24     48     Tensor(3, 0, W)      4608      
49340        5192       25     5      Tensor(2, 29, O)     4096      
49340        5192       25     32     Tensor(2, 30, O)     4096      
49340        5192       25     7      Tensor(2, 31, O)     4096      
49340        5192       25     48     Tensor(3, 0, W)      4608      
49340        5192       26     2      Tensor(2, 0, O)      4096      
49340        5192       26     41     Tensor(2, 1, O)      4096      
49340        5192       26     48     Tensor(3, 0, W)      4608      
49340        5192       27     55     Tensor(2, 11, O)     4096      
49340        5192       27     12     Tensor(2, 12, O)     4096      
49340        5192       27     26     Tensor(2, 13, O)     4096      
49340        5192       27     48     Tensor(3, 0, W)      4608      
49340        5192       29     7      Tensor(2, 31, O)     4096      
49340        5192       29     12     Tensor(2, 32, O)     4096      
49340        5192       29     60     Tensor(2, 33, O)     4096      
49340        5192       29     48     Tensor(3, 0, W)      4608      
49340        5192       32     29     Tensor(2, 39, O)     4096      
49340        5192       32     14     Tensor(2, 40, O)     4096      
49340        5192       32     38     Tensor(2, 41, O)     4096      
49340        5192       32     48     Tensor(3, 0, W)      4608      
49340        5192       33     19     Tensor(2, 2, O)      4096      
49340        5192       33     14     Tensor(2, 3, O)      4096      
49340        5192       33     51     Tensor(2, 4, O)      4096      
49340        5192       33     48     Tensor(3, 0, W)      4608      
49340        5192       35     2      Tensor(2, 8, O)      4096      
49340        5192       35     15     Tensor(2, 9, O)      4096      
49340        5192       35     33     Tensor(2, 10, O)     4096      
49340        5192       35     48     Tensor(3, 0, W)      4608      
49340        5192       36     14     Tensor(2, 40, O)     4096      
49340        5192       36     38     Tensor(2, 41, O)     4096      
49340        5192       36     24     Tensor(2, 42, O)     4096      
49340        5192       36     48     Tensor(3, 0, W)      4608      
49340        5192       37     51     Tensor(2, 4, O)      4096      
49340        5192       37     33     Tensor(2, 5, O)      4096      
49340        5192       37     38     Tensor(2, 6, O)      4096      
49340        5192       37     48     Tensor(3, 0, W)      4608      
49340        5192       39     24     Tensor(2, 42, O)     4096      
49340        5192       39     46     Tensor(2, 43, O)     4096      
49340        5192       39     24     Tensor(2, 44, O)     4096      
49340        5192       39     48     Tensor(3, 0, W)      4608      
49340        5192       43     17     Tensor(2, 38, O)     4096      
49340        5192       43     29     Tensor(2, 39, O)     4096      
49340        5192       43     14     Tensor(2, 40, O)     4096      
49340        5192       43     48     Tensor(3, 0, W)      4608      
49340        5192       45     33     Tensor(2, 5, O)      4096      
49340        5192       45     38     Tensor(2, 6, O)      4096      
49340        5192       45     50     Tensor(2, 7, O)      4096      
49340        5192       45     48     Tensor(3, 0, W)      4608      
49340        5192       47     43     Tensor(2, 21, O)     4096      
49340        5192       47     38     Tensor(2, 22, O)     4096      
49340        5192       47     42     Tensor(2, 23, O)     4096      
49340        5192       47     48     Tensor(3, 0, W)      4608      
49340        5192       48     11     Tensor(2, 18, O)     4096      
49340        5192       48     9      Tensor(2, 19, O)     4096      
49340        5192       48     57     Tensor(2, 20, O)     4096      
49340        5192       48     48     Tensor(3, 0, W)      4608      
49340        5192       49     15     Tensor(2, 9, O)      4096      
49340        5192       49     33     Tensor(2, 10, O)     4096      
49340        5192       49     55     Tensor(2, 11, O)     4096      
49340        5192       49     48     Tensor(3, 0, W)      4608      
49340        5192       50     12     Tensor(2, 12, O)     4096      
49340        5192       50     26     Tensor(2, 13, O)     4096      
49340        5192       50     56     Tensor(2, 14, O)     4096      
49340        5192       50     48     Tensor(3, 0, W)      4608      
49340        5192       51     12     Tensor(2, 32, O)     4096      
49340        5192       51     60     Tensor(2, 33, O)     4096      
49340        5192       51     60     Tensor(2, 34, O)     4096      
49340        5192       51     48     Tensor(3, 0, W)      4608      
49340        5192       52     42     Tensor(2, 23, O)     4096      
49340        5192       52     50     Tensor(2, 24, O)     4096      
49340        5192       52     1      Tensor(2, 25, O)     4096      
49340        5192       52     48     Tensor(3, 0, W)      4608      
49340        5192       53     4      Tensor(2, 27, O)     4096      
49340        5192       53     2      Tensor(2, 28, O)     4096      
49340        5192       53     5      Tensor(2, 29, O)     4096      
49340        5192       53     48     Tensor(3, 0, W)      4608      
49340        5192       54     30     Tensor(2, 15, O)     4096      
49340        5192       54     22     Tensor(2, 16, O)     4096      
49340        5192       54     41     Tensor(2, 17, O)     4096      
49340        5192       54     48     Tensor(3, 0, W)      4608      
49340        5192       55     45     Tensor(2, 47, O)     4096      
49340        5192       55     2      Tensor(2, 48, O)     4096      
49340        5192       55     58     Tensor(2, 49, O)     4096      
49340        5192       55     48     Tensor(3, 0, W)      4608      
49340        5192       56     2      Tensor(2, 0, O)      4096      
49340        5192       56     41     Tensor(2, 1, O)      4096      
49340        5192       56     19     Tensor(2, 2, O)      4096      
49340        5192       56     48     Tensor(3, 0, W)      4608      
49340        5192       57     43     Tensor(2, 50, O)     4096      
49340        5192       57     3      Tensor(2, 51, O)     4096      
49340        5192       57     51     Tensor(2, 52, O)     4096      
49340        5192       57     48     Tensor(3, 0, W)      4608      
49340        5192       58     1      Tensor(2, 25, O)     4096      
49340        5192       58     54     Tensor(2, 26, O)     4096      
49340        5192       58     4      Tensor(2, 27, O)     4096      
49340        5192       58     48     Tensor(3, 0, W)      4608      
49340        5192       60     41     Tensor(2, 17, O)     4096      
49340        5192       60     11     Tensor(2, 18, O)     4096      
49340        5192       60     9      Tensor(2, 19, O)     4096      
49340        5192       60     48     Tensor(3, 0, W)      4608      
54532        5192       4      46     Tensor(2, 43, O)     4096      
54532        5192       4      24     Tensor(2, 44, O)     4096      
54532        5192       4      47     Tensor(2, 45, O)     4096      
54532        5192       4      48     Tensor(3, 0, W)      4608      
54532        5192       6      26     Tensor(2, 13, O)     4096      
54532        5192       6      56     Tensor(2, 14, O)     4096      
54532        5192       6      30     Tensor(2, 15, O)     4096      
54532        5192       6      48     Tensor(3, 0, W)      4608      
54532        5192       14     38     Tensor(2, 22, O)     4096      
54532        5192       14     42     Tensor(2, 23, O)     4096      
54532        5192       14     50     Tensor(2, 24, O)     4096      
54532        5192       14     48     Tensor(3, 0, W)      4608      
54532        5192       17     53     Tensor(2, 35, O)     4096      
54532        5192       17     53     Tensor(2, 36, O)     4096      
54532        5192       17     24     Tensor(2, 37, O)     4096      
54532        5192       17     48     Tensor(3, 0, W)      4608      
54532        5192       24     34     Tensor(2, 46, O)     4096      
54532        5192       24     45     Tensor(2, 47, O)     4096      
54532        5192       24     2      Tensor(2, 48, O)     4096      
54532        5192       24     48     Tensor(3, 0, W)      4608      
54532        5192       26     24     Tensor(2, 44, O)     4096      
54532        5192       26     47     Tensor(2, 45, O)     4096      
54532        5192       26     34     Tensor(2, 46, O)     4096      
54532        5192       26     48     Tensor(3, 0, W)      4608      
54532        5192       27     2      Tensor(2, 28, O)     4096      
54532        5192       27     5      Tensor(2, 29, O)     4096      
54532        5192       27     32     Tensor(2, 30, O)     4096      
54532        5192       27     48     Tensor(3, 0, W)      4608      
54532        5192       33     50     Tensor(2, 7, O)      4096      
54532        5192       33     2      Tensor(2, 8, O)      4096      
54532        5192       33     15     Tensor(2, 9, O)      4096      
54532        5192       33     48     Tensor(3, 0, W)      4608      
54532        5192       35     50     Tensor(2, 24, O)     4096      
54532        5192       35     1      Tensor(2, 25, O)     4096      
54532        5192       35     54     Tensor(2, 26, O)     4096      
54532        5192       35     48     Tensor(3, 0, W)      4608      
54532        5192       37     60     Tensor(2, 34, O)     4096      
54532        5192       37     53     Tensor(2, 35, O)     4096      
54532        5192       37     53     Tensor(2, 36, O)     4096      
54532        5192       37     48     Tensor(3, 0, W)      4608      
54532        5192       45     53     Tensor(2, 36, O)     4096      
54532        5192       45     24     Tensor(2, 37, O)     4096      
54532        5192       45     17     Tensor(2, 38, O)     4096      
54532        5192       45     48     Tensor(3, 0, W)      4608      
54532        5192       47     51     Tensor(2, 52, O)     4096      
54532        5192       47     4      Tensor(2, 53, O)     4096      
54532        5192       47     57     Tensor(2, 54, O)     4096      
54532        5192       47     48     Tensor(3, 0, W)      4608      
54532        5192       53     32     Tensor(2, 30, O)     4096      
54532        5192       53     7      Tensor(2, 31, O)     4096      
54532        5192       53     12     Tensor(2, 32, O)     4096      
54532        5192       53     48     Tensor(3, 0, W)      4608      
54532        5192       54     2      Tensor(2, 48, O)     4096      
54532        5192       54     58     Tensor(2, 49, O)     4096      
54532        5192       54     43     Tensor(2, 50, O)     4096      
54532        5192       54     48     Tensor(3, 0, W)      4608      
59724        5192       6      24     Tensor(2, 37, O)     4096      
59724        5192       6      17     Tensor(2, 38, O)     4096      
59724        5192       6      29     Tensor(2, 39, O)     4096      
59724        5192       6      48     Tensor(3, 0, W)      4608      
59724        5192       17     3      Tensor(2, 51, O)     4096      
59724        5192       17     51     Tensor(2, 52, O)     4096      
59724        5192       17     4      Tensor(2, 53, O)     4096      
59724        5192       17     48     Tensor(3, 0, W)      4608      
59724        5192       26     4      Tensor(2, 53, O)     4096      
59724        5192       26     57     Tensor(2, 54, O)     4096      
59724        5192       26     39     Tensor(2, 55, O)     4096      
59724        5192       26     48     Tensor(3, 0, W)      4608      
59724        5192       27     58     Tensor(2, 49, O)     4096      
59724        5192       27     43     Tensor(2, 50, O)     4096      
59724        5192       27     3      Tensor(2, 51, O)     4096      
59724        5192       27     48     Tensor(3, 0, W)      4608      
59724        5192       33     54     Tensor(2, 26, O)     4096      
59724        5192       33     4      Tensor(2, 27, O)     4096      
59724        5192       33     2      Tensor(2, 28, O)     4096      
59724        5192       33     48     Tensor(3, 0, W)      4608      
59724        5192       53     47     Tensor(2, 45, O)     4096      
59724        5192       53     34     Tensor(2, 46, O)     4096      
59724        5192       53     45     Tensor(2, 47, O)     4096      
59724        5192       53     48     Tensor(3, 0, W)      4608      
