Timestamp    Duration   Core   Origin Tensor               Size      
======================================================================
7804         5192       0      56     Tensor(0, 47, O)     4096      
7804         5192       0      41     Tensor(0, 48, O)     4096      
7804         5192       0      48     Tensor(0, 49, O)     4096      
7804         5192       0      44     Tensor(1, 0, W)      4608      
7804         5192       2      56     Tensor(0, 50, O)     4096      
7804         5192       2      29     Tensor(0, 51, O)     4096      
7804         5192       2      9      Tensor(0, 52, O)     4096      
7804         5192       2      44     Tensor(1, 0, W)      4608      
7804         5192       3      29     Tensor(0, 51, O)     4096      
7804         5192       3      9      Tensor(0, 52, O)     4096      
7804         5192       3      57     Tensor(0, 53, O)     4096      
7804         5192       3      44     Tensor(1, 0, W)      4608      
7804         5192       6      41     Tensor(0, 41, O)     4096      
7804         5192       6      29     Tensor(0, 42, O)     4096      
7804         5192       6      48     Tensor(0, 43, O)     4096      
7804         5192       6      44     Tensor(1, 0, W)      4608      
7804         5192       12     46     Tensor(0, 37, O)     4096      
7804         5192       12     39     Tensor(0, 38, O)     4096      
7804         5192       12     40     Tensor(0, 39, O)     4096      
7804         5192       12     44     Tensor(1, 0, W)      4608      
7804         5192       13     47     Tensor(0, 11, O)     4096      
7804         5192       13     61     Tensor(0, 12, O)     4096      
7804         5192       13     20     Tensor(0, 13, O)     4096      
7804         5192       13     44     Tensor(1, 0, W)      4608      
7804         5192       14     20     Tensor(0, 13, O)     4096      
7804         5192       14     49     Tensor(0, 14, O)     4096      
7804         5192       14     62     Tensor(0, 15, O)     4096      
7804         5192       14     44     Tensor(1, 0, W)      4608      
7804         5192       15     40     Tensor(0, 39, O)     4096      
7804         5192       15     36     Tensor(0, 40, O)     4096      
7804         5192       15     41     Tensor(0, 41, O)     4096      
7804         5192       15     44     Tensor(1, 0, W)      4608      
7804         5192       16     39     Tensor(0, 38, O)     4096      
7804         5192       16     40     Tensor(0, 39, O)     4096      
7804         5192       16     36     Tensor(0, 40, O)     4096      
7804         5192       16     44     Tensor(1, 0, W)      4608      
7804         5192       17     9      Tensor(0, 52, O)     4096      
7804         5192       17     57     Tensor(0, 53, O)     4096      
7804         5192       17     6      Tensor(0, 54, O)     4096      
7804         5192       17     44     Tensor(1, 0, W)      4608      
7804         5192       18     49     Tensor(0, 14, O)     4096      
7804         5192       18     62     Tensor(0, 15, O)     4096      
7804         5192       18     33     Tensor(0, 16, O)     4096      
7804         5192       18     44     Tensor(1, 0, W)      4608      
7804         5192       20     36     Tensor(0, 40, O)     4096      
7804         5192       20     41     Tensor(0, 41, O)     4096      
7804         5192       20     29     Tensor(0, 42, O)     4096      
7804         5192       20     44     Tensor(1, 0, W)      4608      
7804         5192       21     56     Tensor(0, 6, O)      4096      
7804         5192       21     34     Tensor(0, 7, O)      4096      
7804         5192       21     46     Tensor(0, 8, O)      4096      
7804         5192       21     44     Tensor(1, 0, W)      4608      
7804         5192       22     22     Tensor(0, 23, O)     4096      
7804         5192       22     43     Tensor(0, 24, O)     4096      
7804         5192       22     13     Tensor(0, 25, O)     4096      
7804         5192       22     44     Tensor(1, 0, W)      4608      
7804         5192       23     62     Tensor(0, 15, O)     4096      
7804         5192       23     33     Tensor(0, 16, O)     4096      
7804         5192       23     18     Tensor(0, 17, O)     4096      
7804         5192       23     44     Tensor(1, 0, W)      4608      
7804         5192       27     20     Tensor(0, 32, O)     4096      
7804         5192       27     30     Tensor(0, 33, O)     4096      
7804         5192       27     45     Tensor(0, 34, O)     4096      
7804         5192       27     44     Tensor(1, 0, W)      4608      
7804         5192       28     10     Tensor(0, 1, O)      4096      
7804         5192       28     54     Tensor(0, 2, O)      4096      
7804         5192       28     26     Tensor(0, 3, O)      4096      
7804         5192       28     44     Tensor(1, 0, W)      4608      
7804         5192       30     46     Tensor(0, 8, O)      4096      
7804         5192       30     37     Tensor(0, 9, O)      4096      
7804         5192       30     48     Tensor(0, 10, O)     4096      
7804         5192       30     44     Tensor(1, 0, W)      4608      
7804         5192       32     61     Tensor(0, 12, O)     4096      
7804         5192       32     20     Tensor(0, 13, O)     4096      
7804         5192       32     49     Tensor(0, 14, O)     4096      
7804         5192       32     44     Tensor(1, 0, W)      4608      
7804         5192       33     23     Tensor(0, 5, O)      4096      
7804         5192       33     56     Tensor(0, 6, O)      4096      
7804         5192       33     34     Tensor(0, 7, O)      4096      
7804         5192       33     44     Tensor(1, 0, W)      4608      
7804         5192       34     7      Tensor(0, 44, O)     4096      
7804         5192       34     27     Tensor(0, 45, O)     4096      
7804         5192       34     54     Tensor(0, 46, O)     4096      
7804         5192       34     44     Tensor(1, 0, W)      4608      
7804         5192       35     34     Tensor(0, 7, O)      4096      
7804         5192       35     46     Tensor(0, 8, O)      4096      
7804         5192       35     37     Tensor(0, 9, O)      4096      
7804         5192       35     44     Tensor(1, 0, W)      4608      
7804         5192       42     29     Tensor(0, 42, O)     4096      
7804         5192       42     48     Tensor(0, 43, O)     4096      
7804         5192       42     7      Tensor(0, 44, O)     4096      
7804         5192       42     44     Tensor(1, 0, W)      4608      
7804         5192       43     35     Tensor(0, 28, O)     4096      
7804         5192       43     23     Tensor(0, 29, O)     4096      
7804         5192       43     41     Tensor(0, 30, O)     4096      
7804         5192       43     44     Tensor(1, 0, W)      4608      
7804         5192       44     27     Tensor(0, 45, O)     4096      
7804         5192       44     54     Tensor(0, 46, O)     4096      
7804         5192       44     56     Tensor(0, 47, O)     4096      
7804         5192       44     44     Tensor(1, 0, W)      4608      
7804         5192       46     30     Tensor(0, 33, O)     4096      
7804         5192       46     45     Tensor(0, 34, O)     4096      
7804         5192       46     40     Tensor(0, 35, O)     4096      
7804         5192       46     44     Tensor(1, 0, W)      4608      
7804         5192       49     54     Tensor(0, 2, O)      4096      
7804         5192       49     26     Tensor(0, 3, O)      4096      
7804         5192       49     55     Tensor(0, 4, O)      4096      
7804         5192       49     44     Tensor(1, 0, W)      4608      
7804         5192       50     5      Tensor(0, 0, O)      4096      
7804         5192       50     10     Tensor(0, 1, O)      4096      
7804         5192       50     44     Tensor(1, 0, W)      4608      
7804         5192       51     54     Tensor(0, 46, O)     4096      
7804         5192       51     56     Tensor(0, 47, O)     4096      
7804         5192       51     41     Tensor(0, 48, O)     4096      
7804         5192       51     44     Tensor(1, 0, W)      4608      
7804         5192       53     28     Tensor(0, 27, O)     4096      
7804         5192       53     35     Tensor(0, 28, O)     4096      
7804         5192       53     23     Tensor(0, 29, O)     4096      
7804         5192       53     44     Tensor(1, 0, W)      4608      
7804         5192       54     13     Tensor(0, 25, O)     4096      
7804         5192       54     48     Tensor(0, 26, O)     4096      
7804         5192       54     28     Tensor(0, 27, O)     4096      
7804         5192       54     44     Tensor(1, 0, W)      4608      
7804         5192       55     5      Tensor(0, 0, O)      4096      
7804         5192       55     10     Tensor(0, 1, O)      4096      
7804         5192       55     54     Tensor(0, 2, O)      4096      
7804         5192       55     44     Tensor(1, 0, W)      4608      
7804         5192       56     42     Tensor(0, 21, O)     4096      
7804         5192       56     16     Tensor(0, 22, O)     4096      
7804         5192       56     22     Tensor(0, 23, O)     4096      
7804         5192       56     44     Tensor(1, 0, W)      4608      
7804         5192       57     43     Tensor(0, 24, O)     4096      
7804         5192       57     13     Tensor(0, 25, O)     4096      
7804         5192       57     48     Tensor(0, 26, O)     4096      
7804         5192       57     44     Tensor(1, 0, W)      4608      
7804         5192       58     33     Tensor(0, 16, O)     4096      
7804         5192       58     18     Tensor(0, 17, O)     4096      
7804         5192       58     19     Tensor(0, 18, O)     4096      
7804         5192       58     44     Tensor(1, 0, W)      4608      
7804         5192       59     48     Tensor(0, 10, O)     4096      
7804         5192       59     47     Tensor(0, 11, O)     4096      
7804         5192       59     61     Tensor(0, 12, O)     4096      
7804         5192       59     44     Tensor(1, 0, W)      4608      
7804        5192       3      6      Tensor(0, 54, O)     4096      
7804        5192       3      40     Tensor(0, 55, O)     4096      
7804        5192       3      44     Tensor(1, 0, W)      4608      
7804        5192       14     18     Tensor(0, 17, O)     4096      
7804        5192       14     19     Tensor(0, 18, O)     4096      
7804        5192       14     33     Tensor(0, 19, O)     4096      
7804        5192       14     44     Tensor(1, 0, W)      4608      
7804        5192       16     41     Tensor(0, 48, O)     4096      
7804        5192       16     48     Tensor(0, 49, O)     4096      
7804        5192       16     56     Tensor(0, 50, O)     4096      
7804        5192       16     44     Tensor(1, 0, W)      4608      
7804        5192       18     57     Tensor(0, 53, O)     4096      
7804        5192       18     6      Tensor(0, 54, O)     4096      
7804        5192       18     40     Tensor(0, 55, O)     4096      
7804        5192       18     44     Tensor(1, 0, W)      4608      
7804        5192       20     48     Tensor(0, 43, O)     4096      
7804        5192       20     7      Tensor(0, 44, O)     4096      
7804        5192       20     27     Tensor(0, 45, O)     4096      
7804        5192       20     44     Tensor(1, 0, W)      4608      
7804        5192       22     41     Tensor(0, 30, O)     4096      
7804        5192       22     38     Tensor(0, 31, O)     4096      
7804        5192       22     20     Tensor(0, 32, O)     4096      
7804        5192       22     44     Tensor(1, 0, W)      4608      
7804        5192       23     33     Tensor(0, 19, O)     4096      
7804        5192       23     1      Tensor(0, 20, O)     4096      
7804        5192       23     42     Tensor(0, 21, O)     4096      
7804        5192       23     44     Tensor(1, 0, W)      4608      
7804        5192       28     26     Tensor(0, 3, O)      4096      
7804        5192       28     55     Tensor(0, 4, O)      4096      
7804        5192       28     23     Tensor(0, 5, O)      4096      
7804        5192       28     44     Tensor(1, 0, W)      4608      
7804        5192       30     16     Tensor(0, 22, O)     4096      
7804        5192       30     22     Tensor(0, 23, O)     4096      
7804        5192       30     43     Tensor(0, 24, O)     4096      
7804        5192       30     44     Tensor(1, 0, W)      4608      
7804        5192       33     48     Tensor(0, 26, O)     4096      
7804        5192       33     28     Tensor(0, 27, O)     4096      
7804        5192       33     35     Tensor(0, 28, O)     4096      
7804        5192       33     44     Tensor(1, 0, W)      4608      
7804        5192       35     19     Tensor(0, 18, O)     4096      
7804        5192       35     33     Tensor(0, 19, O)     4096      
7804        5192       35     1      Tensor(0, 20, O)     4096      
7804        5192       35     44     Tensor(1, 0, W)      4608      
7804        5192       54     45     Tensor(0, 34, O)     4096      
7804        5192       54     40     Tensor(0, 35, O)     4096      
7804        5192       54     56     Tensor(0, 36, O)     4096      
7804        5192       54     44     Tensor(1, 0, W)      4608      
7804        5192       55     55     Tensor(0, 4, O)      4096      
7804        5192       55     23     Tensor(0, 5, O)      4096      
7804        5192       55     56     Tensor(0, 6, O)      4096      
7804        5192       55     44     Tensor(1, 0, W)      4608      
7804        5192       14     1      Tensor(0, 20, O)     4096      
7804        5192       14     42     Tensor(0, 21, O)     4096      
7804        5192       14     16     Tensor(0, 22, O)     4096      
7804        5192       14     44     Tensor(1, 0, W)      4608      
7804        5192       23     23     Tensor(0, 29, O)     4096      
7804        5192       23     41     Tensor(0, 30, O)     4096      
7804        5192       23     38     Tensor(0, 31, O)     4096      
7804        5192       23     44     Tensor(1, 0, W)      4608      
7804        5192       28     38     Tensor(0, 31, O)     4096      
7804        5192       28     20     Tensor(0, 32, O)     4096      
7804        5192       28     30     Tensor(0, 33, O)     4096      
7804        5192       28     44     Tensor(1, 0, W)      4608      
7804        5192       30     48     Tensor(0, 49, O)     4096      
7804        5192       30     56     Tensor(0, 50, O)     4096      
7804        5192       30     29     Tensor(0, 51, O)     4096      
7804        5192       30     44     Tensor(1, 0, W)      4608      
7804        5192       35     40     Tensor(0, 35, O)     4096      
7804        5192       35     56     Tensor(0, 36, O)     4096      
7804        5192       35     46     Tensor(0, 37, O)     4096      
7804        5192       35     44     Tensor(1, 0, W)      4608      
7804        5192       55     37     Tensor(0, 9, O)      4096      
7804        5192       55     48     Tensor(0, 10, O)     4096      
7804        5192       55     47     Tensor(0, 11, O)     4096      
7804        5192       55     44     Tensor(1, 0, W)      4608      
7804        5192       55     56     Tensor(0, 36, O)     4096      
7804        5192       55     46     Tensor(0, 37, O)     4096      
7804        5192       55     39     Tensor(0, 38, O)     4096      
7804        5192       55     44     Tensor(1, 0, W)      4608      
